MEMORY
  total            14.4 MB
  struct          159.0 KB
  buffer          212.8 KB
  arena            14.0 MB, used 0.2%

SIZES
  narena                14680064
  nbuffer               217904
  nplugin               0
  maxuse_stack          3324
  maxuse_arena          30736
  maxuse_con            6
  maxuse_efc            24
  solver_nisland        1
  ncon                  2
  ne                    0
  nf                    0
  nl                    0
  nefc                  8
  nJ                    104
  nisland               0
  threadpool            0

TIMER
    0:  duration =  0.46       number = 5
    1:  duration =  0.43       number = 5
    2:  duration =  0          number = 0
    3:  duration =  0.3        number = 5
    4:  duration =  0.034      number = 5
    5:  duration =  0.0052     number = 5
    6:  duration =  0.051      number = 5
    7:  duration =  0.011      number = 5
    8:  duration =  0.11       number = 5
    9:  duration =  0.013      number = 5
    10:  duration =  0.13       number = 5
    11:  duration =  0.044      number = 5
    12:  duration =  0.00052    number = 5
    13:  duration =  0.041      number = 5
    14:  duration =  0.032      number = 5

SOLVER STAT
  solver_nisland = 1
  solver_fwdinv =   0         0       
  ISLAND 0
    solver_niter = 1
    solver_nnz = 169
      0:  improvement = -2.8e-15     gradient =  1.6e-16     lineslope =  0       
          nactive = 8   nchange = 0   neval = 2   nupdate = 0

ENERGY =   0         0       

TIME =  64      

QPOS
  -0.0063  
  -0.0001  
   0.069   
   1       
   0.0021  
   0.049   
  -0.0011  
  -0.094   
   1.6e-08 
   1.6e-08 
  -0.092   
  -4.9e-08 
  -4.9e-08 
   0.018   

QVEL
   1.1e-15 
  -5.2e-16 
  -3.8e-15 
   1.4e-14 
  -6e-15   
   4e-15   
   1e-14   
  -2.9e-15 
  -2.9e-15 
   3.8e-14 
  -3e-15   
  -3e-15   
  -4.1e-15 

QACC_WARMSTART
   6.1e-13 
  -9.2e-13 
  -4.5e-12 
   1.6e-11 
  -3.2e-12 
   3.3e-12 
   4.3e-12 
  -1.9e-12 
  -1.9e-12 
   2.1e-11 
  -1.9e-12 
  -1.9e-12 
  -3.4e-12 

CTRL
   0       
   0       
   0       
   0       
   0       
   0       
   0       

QFRC_APPLIED
   0       
   0       
   0       
   0       
   0       
   0       
   0       
   0       
   0       
   0       
   0       
   0       
   0       

XFRC_APPLIED
   0         0         0         0         0         0       
   0         0         0         0         0         0       
   0         0         0         0         0         0       
   0         0         0         0         0         0       
   0         0         0         0         0         0       
   0         0         0         0         0         0       
   0         0         0         0         0         0       
   0         0         0         0         0         0       
   0         0         0         0         0         0       

QACC
   6.1e-13 
  -9.2e-13 
  -4.5e-12 
   1.6e-11 
  -3.2e-12 
   3.3e-12 
   4.3e-12 
  -1.9e-12 
  -1.9e-12 
   2.1e-11 
  -1.9e-12 
  -1.9e-12 
  -3.4e-12 

SENSOR
  -6.7e-14 
   9.6e-15 
  -1.2e-14 
  -0.96    
   0.041   
   9.8     
   1       
   0.0021  
   0.049   
  -0.0011  
  -0.0014  
  -0.00032 
   0.12    
  -1.4e-15 
   7.4e-15 
   1.9e-14 
  -0.0066  
   0.0061  
   1.5     

XPOS
   0         0         0       
  -0.0063   -0.0001    0.069   
  -0.0021    0.32      0.08    
  -0.001     0.33      0.034   
  -0.00053   0.33      0.14    
  -0.0033   -0.31      0.08    
  -0.0044   -0.32      0.031   
  -0.002    -0.31      0.14    
   0.5       0.0026    0.063   

XQUAT
   1         0         0         0       
   1         0.0021    0.049    -0.0011  
   1         0.0021    0.0022   -0.0012  
   1         0.0021    0.0022   -0.0012  
   1         0.0021    0.0022   -0.0012  
   1         0.0021    0.0031   -0.0012  
   1         0.0021    0.0031   -0.0012  
   1         0.0021    0.0031   -0.0012  
   1         0.0026    0.049     0.0078  

XMAT
   1         0         0         0         1         0         0         0         1       
   1         0.0025    0.098    -0.0021    1        -0.0044   -0.098     0.0042    1       
   1         0.0025    0.0045   -0.0025    1        -0.0042   -0.0045    0.0042    1       
   1         0.0025    0.0045   -0.0025    1        -0.0042   -0.0045    0.0042    1       
   1         0.0025    0.0045   -0.0025    1        -0.0042   -0.0045    0.0042    1       
   1         0.0025    0.0061   -0.0025    1        -0.0042   -0.0061    0.0042    1       
   1         0.0025    0.0061   -0.0025    1        -0.0042   -0.0061    0.0042    1       
   1         0.0025    0.0061   -0.0025    1        -0.0042   -0.0061    0.0042    1       
   1        -0.015     0.098     0.016     1        -0.0044   -0.098     0.0059    1       

XIPOS
   0         0         0       
  -0.0063   -0.0001    0.069   
  -0.0021    0.32      0.08    
  -0.001     0.33      0.034   
  -0.00053   0.33      0.14    
  -0.0033   -0.31      0.08    
  -0.0044   -0.32      0.031   
  -0.002    -0.31      0.14    
   0.5       0.0026    0.063   

XIMAT
   1         0         0         0         1         0         0         0         1       
   1         0.0025    0.098    -0.0021    1        -0.0044   -0.098     0.0042    1       
   1         0.0025    0.0045   -0.0025    1        -0.0042   -0.0045    0.0042    1       
   1         0.0025    0.0045   -0.0025    1        -0.0042   -0.0045    0.0042    1       
   1         0.0025    0.0045   -0.0025    1        -0.0042   -0.0045    0.0042    1       
   1         0.0025    0.0061   -0.0025    1        -0.0042   -0.0061    0.0042    1       
   1         0.0025    0.0061   -0.0025    1        -0.0042   -0.0061    0.0042    1       
   1         0.0025    0.0061   -0.0025    1        -0.0042   -0.0061    0.0042    1       
   1        -0.015     0.098     0.016     1        -0.0044   -0.098     0.0059    1       

XANCHOR
  -0.0063   -0.0001    0.069   
  -0.0021    0.32      0.08    
  -0.001     0.33      0.034   
  -0.00053   0.33      0.14    
  -0.0033   -0.31      0.08    
  -0.0044   -0.32      0.031   
  -0.002    -0.31      0.14    
   0.5       0.0026    0.063   

XAXIS
   0         0         1       
   0.0025    1         0.0042  
   0.0045   -0.0042    1       
   0.0045   -0.0042    1       
   0.0025    1         0.0042  
   0.0061   -0.0042    1       
   0.0061   -0.0042    1       
   0.098    -0.0044    1       

GEOM_XPOS
   0         0         0       
  -0.043     0.0032    0.089   
  -0.0063   -0.0001    0.069   
  -0.0018    0.32      0.081   
  -0.0021    0.32      0.08    
  -0.0015    0.32      0.034   
  -0.0021    0.32      0.14    
  -0.0034   -0.32      0.081   
  -0.0033   -0.31      0.08    
   0.016    -0.31      0.032   
  -0.0016   -0.3       0.14    
   0.5       0.0087    0.063   
   0.5       0.0026    0.063   

GEOM_XMAT
   1         0         0         0         1         0         0         0         1       
   0.094     0.023     1        -0.0043   -1         0.023     1        -0.0065   -0.094   
   1         0.0025    0.098    -0.0021    1        -0.0044   -0.098     0.0042    1       
  -0.4      -0.92     -0.027    -0.091     0.069    -0.99      0.91     -0.4      -0.11    
   1         0.0025    0.0045   -0.0025    1        -0.0042   -0.0045    0.0042    1       
  -0.00053  -0.021     1        -0.17     -0.99     -0.021     0.99     -0.17     -0.003   
   0.21     -0.98     -0.0085   -0.013     0.0059   -1         0.98      0.21     -0.011   
  -0.46     -0.89      0.0055    0.1      -0.058    -0.99      0.88     -0.45      0.12    
   1         0.0025    0.0061   -0.0025    1        -0.0042   -0.0061    0.0042    1       
   0.01      0.013     1         0.16     -0.99      0.011     0.99      0.16     -0.012   
  -0.29     -0.95      0.14     -0.051    -0.13     -0.99      0.96     -0.29     -0.01    
  -0.2      -0.97      0.16     -0.056    -0.15     -0.99      0.98     -0.2      -0.025   
   1        -0.015     0.098     0.016     1        -0.0044   -0.098     0.0059    1       

SITE_XPOS
  -0.0014   -0.00032   0.12    
  -0.0047    0.33      0.034   
  -0.0043    0.33      0.14    
  -0.0062   -0.33      0.032   
  -0.0055   -0.33      0.14    
   0.5       0.0026    0.063   

SITE_XMAT
   1         0.0025    0.098    -0.0021    1        -0.0044   -0.098     0.0042    1       
   1         0.0025    0.0045   -0.0025    1        -0.0042   -0.0045    0.0042    1       
   1         0.0025    0.0045   -0.0025    1        -0.0042   -0.0045    0.0042    1       
   1         0.0025    0.0061   -0.0025    1        -0.0042   -0.0061    0.0042    1       
   1         0.0025    0.0061   -0.0025    1        -0.0042   -0.0061    0.0042    1       
   1        -0.015     0.098     0.016     1        -0.0044   -0.098     0.0059    1       

LIGHT_XPOS
   0         0         10      

LIGHT_XDIR
   0         0        -1       

SUBTREE_COM
   0.028     0.0023    0.074   
   0.028     0.0023    0.074   
  -0.0015    0.32      0.084   
  -0.001     0.33      0.034   
  -0.00053   0.33      0.14    
  -0.0033   -0.31      0.083   
  -0.0044   -0.32      0.031   
  -0.002    -0.31      0.14    
   0.5       0.0026    0.063   

CDOF
   0         0         0         1         0         0       
   0         0         0         0         1         0       
   0         0         0         0         0         1       
   1        -0.0021   -0.098     0.00022  -0.0084    0.0024  
   0.0025    1         0.0042    0.0051    0.00013  -0.034   
   0.098    -0.0044    1        -0.0024    0.034     0.00038 
   0.0025    1         0.0042   -0.0044    0.00014  -0.031   
   0.0045   -0.0042    1         0.32      0.029    -0.0013  
   0.0045   -0.0042    1         0.33      0.029    -0.0013  
   0.0025    1         0.0042   -0.0072    0.00014  -0.03    
   0.0061   -0.0042    1        -0.32      0.032     0.0021  
   0.0061   -0.0042    1        -0.31      0.03      0.002   
   0.098    -0.0044    1         0.00034  -0.47     -0.0021  

CINERT
   0         0         0         0         0         0         0         0         0         0       
   0.08      0.12      0.1      -4.7e-05   0.0017    5.9e-05  -0.058    -0.004    -0.0086    1.7     
   0.041     0.02      0.041     0.0029    5.2e-05  -0.00051  -0.009     0.096     0.0017    0.3     
   0.017     0.0014    0.018     0.0014   -0.00017   0.002    -0.0043    0.049    -0.0061    0.15    
   0.018     0.0018    0.018     0.0014    0.00029  -0.0033   -0.0043    0.049     0.01      0.15    
   0.04      0.02      0.04     -0.0029    5.5e-05   0.0006   -0.0094   -0.095     0.0018    0.3     
   0.016     0.0014    0.017    -0.0015   -0.0002   -0.002    -0.0049   -0.048    -0.0064    0.15    
   0.016     0.0018    0.017    -0.0014    0.0003    0.0031   -0.0045   -0.047     0.0097    0.15    
   0.0051    0.05      0.055    -3.9e-05   0.0015   -2.1e-05   0.095     7.7e-05  -0.0022    0.2     

ACTUATOR_LENGTH
  -0.094   
  -0.092   
   0       
   0       
   0       
   0       
   0       

actuator_moment
---------------
       x       |
          x    |
 xxxxxxxx      |
 xxxxxxx x     |
 xxxxxx   xx   |
 xxxxxx   x x  |
 xxxxx         |
---------------

ACTUATOR_MOMENT
     6:  1       
     9:  1       
     0:  0.0045     1: -0.0042     2:  1          3:  0.32       4: -0.0009     5:  0.09       6:  0.0024     7:  0.06    
     0:  0.0045     1: -0.0042     2:  1          3:  0.33       4: -0.0009     5: -0.029      6:  0.0024     8: -0.06    
     0:  0.0061     1: -0.0042     2:  1          3: -0.33       4: -0.0011     5:  0.03       9:  0.0025    10:  0.06    
     0:  0.0061     1: -0.0042     2:  1          3: -0.32       4: -0.0011     5: -0.09       9:  0.0025    11: -0.06    
     0:  0.098      1: -0.0044     2:  1          3:  0.004      4: -0.5     

CRB
   0         0         0         0         0         0         0         0         0         0       
   0.23      0.22      0.31     -0.00027   0.0035   -0.0002   -3.5e-18  -5.6e-17  -5.2e-18   3.1     
   0.075     0.023     0.077     0.0057    0.00017  -0.0018   -0.018     0.19      0.0058    0.6     
   0.017     0.0014    0.018     0.0014   -0.00017   0.002    -0.0043    0.049    -0.0061    0.15    
   0.018     0.0018    0.018     0.0014    0.00029  -0.0033   -0.0043    0.049     0.01      0.15    
   0.073     0.024     0.075    -0.0059    0.00015   0.0016   -0.019    -0.19      0.0051    0.6     
   0.016     0.0014    0.017    -0.0015   -0.0002   -0.002    -0.0049   -0.048    -0.0064    0.15    
   0.016     0.0018    0.017    -0.0014    0.0003    0.0031   -0.0045   -0.047     0.0097    0.15    
   0.0051    0.05      0.055    -3.9e-05   0.0015   -2.1e-05   0.095     7.7e-05  -0.0022    0.2     

QM
   3.1       0         0         0.00069   0.016    -0.0074    0.0023   -6.9e-18   0         0.0015    6.9e-18  -6.9e-18  -1.4e-20 
   0         3.1       0        -0.026     0.0004    0.1      -4e-06     0         0        -3.7e-06   8.7e-19   0         0       
   0         0         3.1       0.0075   -0.11      0.0012   -0.0004    0         0        -3.6e-05  -5.4e-20   0         0       
   0.00069  -0.026     0.0075    0.23     -0.00049  -0.0047   -5.7e-05  -0.00019  -0.00019  -3.4e-05  -0.00018  -0.00018   8.6e-19 
   0.016     0.0004   -0.11     -0.00049   0.22      9.2e-05   0.023    -2.7e-19   1.1e-19   0.023    -2.4e-19  -7.7e-19  -2e-20   
  -0.0074    0.1       0.0012   -0.0047    9.2e-05   0.31     -0.00077   0.002     0.002     0.00045   0.002     0.002     0.01    
   0.0023   -4e-06    -0.0004   -5.7e-05   0.023    -0.00077   0.023    -2e-19     1.1e-19   0         0         0         0       
  -6.9e-18   0         0        -0.00019  -2.7e-19   0.002    -2e-19     0.002     0         0         0         0         0       
   0         0         0        -0.00019   1.1e-19   0.002     1.1e-19   0         0.002     0         0         0         0       
   0.0015   -3.7e-06  -3.6e-05  -3.4e-05   0.023     0.00045   0         0         0         0.023    -3.2e-19  -6.8e-19   0       
   6.9e-18   8.7e-19  -5.4e-20  -0.00018  -2.4e-19   0.002     0         0         0        -3.2e-19   0.002     0         0       
  -6.9e-18   0         0        -0.00018  -7.7e-19   0.002     0         0         0        -6.8e-19   0         0.002     0       
  -1.4e-20   0         0         8.6e-19  -2e-20     0.01      0         0         0         0         0         0         0.01    

QLD
   3.1       0.00086   0.0024    0.0027    0.067    -0.025     0.1      -3.5e-15   0         0.068     3.5e-15  -3.5e-15  -1.4e-18 
   0.00086   3.1       0.00017  -0.11      0.0015    0.35     -0.00017   0         0        -0.00016   4.3e-16   0         0       
   0.0024    0.00017   3         0.031    -0.6       0.004    -0.018     0         0        -0.0016   -2.7e-17   0         0       
   0.0027   -0.11      0.031     0.23     -0.0022   -0.013    -0.0025   -0.094    -0.094    -0.0015   -0.092    -0.092     8.6e-17 
   0.067     0.0015   -0.6      -0.0022    0.18      0.0014    1        -1.4e-16   5.4e-17   1        -1.2e-16  -3.8e-16  -2e-18   
  -0.025     0.35      0.004    -0.013     0.0014    0.29     -0.034     1         1         0.02      1         1         1       
   0.1      -0.00017  -0.018    -0.0025    1        -0.034     0.023    -1e-16     5.5e-17   0         0         0         0       
  -3.5e-15   0         0        -0.094    -1.4e-16   1        -1e-16     0.002     0         0         0         0         0       
   0         0         0        -0.094     5.4e-17   1         5.5e-17   0         0.002     0         0         0         0       
   0.068    -0.00016  -0.0016   -0.0015    1         0.02      0         0         0         0.023    -1.6e-16  -3.4e-16   0       
   3.5e-15   4.3e-16  -2.7e-17  -0.092    -1.2e-16   1         0         0         0        -1.6e-16   0.002     0         0       
  -3.5e-15   0         0        -0.092    -3.8e-16   1         0         0         0        -3.4e-16   0         0.002     0       
  -1.4e-18   0         0         8.6e-17  -2e-18     1         0         0         0         0         0         0         0.01    

QLDIAGINV
   0.32    
   0.33    
   0.33    
   4.3     
   5.7     
   3.4     
   44      
   5e+02   
   5e+02   
   44      
   5e+02   
   5e+02   
   1e+02   

QLDIAGSQRTINV
   0.57    
   0.57    
   0.57    
   2.1     
   2.4     
   1.8     
   6.6     
   22      
   22      
   6.6     
   22      
   22      
   10      

B: body-dof matrix
---------------
 xxxxxxxxxxxxx |
 xxxxxxxxxxxxx |
 xxxxxxxxx     |
 xxxxxxxx      |
 xxxxxxx x     |
 xxxxxx   xxx  |
 xxxxxx   xx   |
 xxxxxx   x x  |
 xxxxxx      x |
---------------

B_rownnz              13 13 9 8 8 9 8 8 7

B_rowadr              0 13 26 35 43 51 60 68 76

B_colind              0 1 2 3 4 5 6 7 8 9 10 11 12 0 1 2 3 4 5 6 7 8 9 10 11 12 0 1 2 3 4 5 6 7 8 0 1 2 3 4 5 6 7 0 1 2 3 4 5 6 8 0 1 2 3 4 5 9 10 11 0 1 2 3 4 5 9 10 0 1 2 3 4 5 9 11 0 1 2 3 4 5 12

C: reduced dof-dof matrix
---------------
 Dxxxxxxxxxxxx |
 xDxxxxxxxxxxx |
 xxDxxxxxxxxxx |
 xxxDxxxxxxxxx |
 xxxxDxxxxxxxx |
 xxxxxDxxxxxxx |
 xxxxxxDxx     |
 xxxxxxxD      |
 xxxxxxx D     |
 xxxxxx   Dxx  |
 xxxxxx   xD   |
 xxxxxx   x D  |
 xxxxxx      D |
---------------

C_rownnz              13 13 13 13 13 13 9 8 8 9 8 8 7

C_rowadr              0 13 26 39 52 65 78 87 95 103 112 120 128

C_colind              0 1 2 3 4 5 6 7 8 9 10 11 12 0 1 2 3 4 5 6 7 8 9 10 11 12 0 1 2 3 4 5 6 7 8 9 10 11 12 0 1 2 3 4 5 6 7 8 9 10 11 12 0 1 2 3 4 5 6 7 8 9 10 11 12 0 1 2 3 4 5 6 7 8 9 10 11 12 0 1 2 3 4 5 6 7 8 0 1 2 3 4 5 6 7 0 1 2 3 4 5 6 8 0 1 2 3 4 5 9 10 11 0 1 2 3 4 5 9 10 0 1 2 3 4 5 9 11 0 1 2 3 4 5 12

mapM2C                0 2 5 9 14 20 27 35 43 50 58 66 73 2 1 4 8 13 19 26 34 42 49 57 65 72 5 4 3 7 12 18 25 33 41 48 56 64 71 9 8 7 6 11 17 24 32 40 47 55 63 70 14 13 12 11 10 16 23 31 39 46 54 62 69 20 19 18 17 16 15 22 30 38 45 53 61 68 27 26 25 24 23 22 21 29 37 35 34 33 32 31 30 29 28 43 42 41 40 39 38 37 36 50 49 48 47 46 45 44 52 60 58 57 56 55 54 53 52 51 66 65 64 63 62 61 60 59 73 72 71 70 69 68 67

D: dof-dof matrix
---------------
 Dxxxxxxxxxxxx |
 xDxxxxxxxxxxx |
 xxDxxxxxxxxxx |
 xxxDxxxxxxxxx |
 xxxxDxxxxxxxx |
 xxxxxDxxxxxxx |
 xxxxxxDxx     |
 xxxxxxxD      |
 xxxxxxx D     |
 xxxxxx   Dxx  |
 xxxxxx   xD   |
 xxxxxx   x D  |
 xxxxxx      D |
---------------

D_rownnz              13 13 13 13 13 13 9 8 8 9 8 8 7

D_rowadr              0 13 26 39 52 65 78 87 95 103 112 120 128

D_colind              0 1 2 3 4 5 6 7 8 9 10 11 12 0 1 2 3 4 5 6 7 8 9 10 11 12 0 1 2 3 4 5 6 7 8 9 10 11 12 0 1 2 3 4 5 6 7 8 9 10 11 12 0 1 2 3 4 5 6 7 8 9 10 11 12 0 1 2 3 4 5 6 7 8 9 10 11 12 0 1 2 3 4 5 6 7 8 0 1 2 3 4 5 6 7 0 1 2 3 4 5 6 8 0 1 2 3 4 5 9 10 11 0 1 2 3 4 5 9 10 0 1 2 3 4 5 9 11 0 1 2 3 4 5 12

mapM2D                0 2 5 9 14 20 27 35 43 50 58 66 73 2 1 4 8 13 19 26 34 42 49 57 65 72 5 4 3 7 12 18 25 33 41 48 56 64 71 9 8 7 6 11 17 24 32 40 47 55 63 70 14 13 12 11 10 16 23 31 39 46 54 62 69 20 19 18 17 16 15 22 30 38 45 53 61 68 27 26 25 24 23 22 21 29 37 35 34 33 32 31 30 29 28 43 42 41 40 39 38 37 36 50 49 48 47 46 45 44 52 60 58 57 56 55 54 53 52 51 66 65 64 63 62 61 60 59 73 72 71 70 69 68 67

mapD2M                0 14 13 28 27 26 42 41 40 39 56 55 54 53 52 70 69 68 67 66 65 84 83 82 81 80 79 78 94 93 92 91 90 89 88 87 102 101 100 99 98 97 96 95 109 108 107 106 105 104 103 119 118 117 116 115 114 113 112 127 126 125 124 123 122 121 120 134 133 132 131 130 129 128

QDERIV
   0         0         0         0         0         0         0         0         0         0         0         0         0       
   0         0         0         0         0         0         0         0         0         0         0         0         0       
   0         0         0         0         0         0         0         0         0         0         0         0         0       
   0         0         0         0         0         0         0         0         0         0         0         0         0       
   0         0         0         0         0         0         0         0         0         0         0         0         0       
   0         0         0         0         0         0         0         0         0         0         0         0         0       
   0         0         0         0         0         0         0         0         0         0         0         0         0       
   0         0         0         0         0         0         0         0         0         0         0         0         0       
   0         0         0         0         0         0         0         0         0         0         0         0         0       
   0         0         0         0         0         0         0         0         0         0         0         0         0       
   0         0         0         0         0         0         0         0         0         0         0         0         0       
   0         0         0         0         0         0         0         0         0         0         0         0         0       
   0         0         0         0         0         0         0         0         0         0         0         0         0       

QLU
   0         0         0         0         0         0         0         0         0         0         0         0         0       
   0         0         0         0         0         0         0         0         0         0         0         0         0       
   0         0         0         0         0         0         0         0         0         0         0         0         0       
   0         0         0         0         0         0         0         0         0         0         0         0         0       
   0         0         0         0         0         0         0         0         0         0         0         0         0       
   0         0         0         0         0         0         0         0         0         0         0         0         0       
   0         0         0         0         0         0         0         0         0         0         0         0         0       
   0         0         0         0         0         0         0         0         0         0         0         0         0       
   0         0         0         0         0         0         0         0         0         0         0         0         0       
   0         0         0         0         0         0         0         0         0         0         0         0         0       
   0         0         0         0         0         0         0         0         0         0         0         0         0       
   0         0         0         0         0         0         0         0         0         0         0         0         0       
   0         0         0         0         0         0         0         0         0         0         0         0         0       

CONTACT
  0:
     dim           3
     geoms         floor : 4
     exclude       0
     efc_address   0
     solref         0.02      0.5     
     solimp         0.9       0.95      0.001     0.5       2       
     dist          -0.00011 
     includemargin  0       
     pos            0.027     0.3      -5.3e-05 
     frame          0         0         1         0         1         0        -1         0         0       
     friction       1         1         0.005     0.0001    0.0001  
     mu             1       
  1:
     dim           3
     geoms         floor : 8
     exclude       0
     efc_address   4
     solref         0.02      0.5     
     solimp         0.9       0.95      0.001     0.5       2       
     dist          -9.1e-05 
     includemargin  0       
     pos            0.029    -0.34     -4.6e-05 
     frame          0         0         1         0         1         0        -1         0         0       
     friction       1         1         0.005     0.0001    0.0001  
     mu             1       

EFC_TYPE
  6
  6
  6
  6
  6
  6
  6
  6

EFC_ID
  0
  0
  0
  0
  1
  1
  1
  1

EFC_J
   0         1         1         0.36     -0.032     0.069    -0.029     0         0         0         0         0         0       
   0        -1         1         0.23     -0.033    -0.011    -0.029     0         0         0         0         0         0       
  -1         0         1         0.27      0.038     0.32      0.051     0         0         0         0         0         0       
   1         0         1         0.32     -0.1      -0.27     -0.11      0         0         0         0         0         0       
   0         1         1        -0.27     -0.036     0.0093    0         0         0        -0.032     0         0         0       
   0        -1         1        -0.4      -0.037    -0.075     0         0         0        -0.033     0         0         0       
  -1         0         1        -0.3       0.032    -0.37      0         0         0         0.048     0         0         0       
   1         0         1        -0.37     -0.1       0.3       0         0         0        -0.11      0         0         0       

EFC_POS
  -0.00011 
  -0.00011 
  -0.00011 
  -0.00011 
  -9.1e-05 
  -9.1e-05 
  -9.1e-05 
  -9.1e-05 

EFC_MARGIN
   0       
   0       
   0       
   0       
   0       
   0       
   0       
   0       

EFC_FRICTIONLOSS
   0       
   0       
   0       
   0       
   0       
   0       
   0       
   0       

EFC_DIAGAPPROX
   2.4     
   2.4     
   2.4     
   2.4     
   2.3     
   2.3     
   2.3     
   2.3     

EFC_KBIP
   1.1e+04   1.1e+02   0.9      -21      
   1.1e+04   1.1e+02   0.9      -21      
   1.1e+04   1.1e+02   0.9      -21      
   1.1e+04   1.1e+02   0.9      -21      
   1.1e+04   1.1e+02   0.9      -18      
   1.1e+04   1.1e+02   0.9      -18      
   1.1e+04   1.1e+02   0.9      -18      
   1.1e+04   1.1e+02   0.9      -18      

EFC_D
   3.9     
   3.9     
   3.9     
   3.9     
   3.9     
   3.9     
   3.9     
   3.9     

EFC_R
   0.26    
   0.26    
   0.26    
   0.26    
   0.26    
   0.26    
   0.26    
   0.26    

ACTUATOR_VELOCITY
  -1.1e-14 
  -6.4e-14 
  -3.4e-15 
  -3.4e-15 
   4.1e-14 
   4.1e-14 
   1.3e-14 

CVEL
   0         0         0         0         0         0       
  -6.8e-14   9.8e-15  -5.8e-15  -1.9e-15   4.2e-15   1.8e-14 
  -6.8e-14  -9.4e-16  -5.8e-15  -1.8e-15   4.2e-15   1.9e-14 
  -6.8e-14  -9.6e-16  -3.2e-16  -2.4e-17   4.4e-15   1.9e-14 
  -6.8e-14  -9.6e-16  -3.2e-16  -1.4e-17   4.4e-15   1.9e-14 
  -6.8e-14  -5.4e-14  -6.1e-15  -1.4e-15   4.2e-15   2e-14   
  -6.8e-14  -5.4e-14  -4.4e-16  -3.2e-15   4.4e-15   2e-14   
  -6.8e-14  -5.4e-14  -4.4e-16  -3.2e-15   4.4e-15   2e-14   
  -6.7e-14   9.7e-15   6.3e-15  -1.9e-15  -1.5e-15   1.8e-14 

CDOF_DOT
   0         0         0         0         0         0       
   0         0         0         0         0         0       
   0         0         0         0         0         0       
   0         0        -0        -3.6e-16   1.8e-14  -4e-15   
   0         0         0        -1.9e-14   5.4e-17  -1.9e-15 
   0         0        -0         4.1e-15   3.7e-15  -3.9e-16 
   5.8e-15   2.7e-16  -6.8e-14  -1.9e-14  -2e-15    -1.8e-15 
  -9.6e-16   6.8e-14   2.9e-16   4.4e-15  -8.8e-17  -1.7e-15 
  -9.6e-16   6.8e-14   2.9e-16   4.4e-15  -9.8e-17  -1.7e-15 
   5.8e-15   2.7e-16  -6.8e-14  -1.9e-14  -2e-15    -1.8e-15 
  -5.4e-14   6.8e-14   6.1e-16   4.4e-15   3.6e-15  -1.9e-14 
  -5.4e-14   6.8e-14   6.1e-16   4.4e-15   3.6e-15  -1.9e-14 
   9.7e-15   6.7e-14  -6.6e-16   1.5e-15   3.5e-15   3.2e-14 

QFRC_BIAS
  -1.2e-29 
  -1e-28   
   30      
   0.074   
  -1       
   0.012   
  -0.004   
   4.3e-19 
   4.3e-19 
  -0.00035 
  -4.3e-19 
  -4.3e-19 
   0       

QFRC_SPRING
   0       
   0       
   0       
   0       
   0       
   0       
   0       
   0       
   0       
   0       
   0       
   0       
   0       

QFRC_DAMPER
   0       
   0       
   0       
   0       
   0       
   0       
   1.1e-15 
  -2.8e-16 
  -2.8e-16 
   6.4e-15 
  -2.8e-16 
  -2.8e-16 
  -6.1e-16 

QFRC_GRAVCOMP
   0       
   0       
   0       
   0       
   0       
   0       
   0       
   0       
   0       
   0       
   0       
   0       
   0       

QFRC_FLUID
   8.1e-19 
  -1.8e-18 
  -7.7e-18 
   3.5e-18 
   6e-19   
   5.7e-19 
   5.5e-21 
   2.4e-22 
   2.4e-22 
   2.8e-19 
   2.4e-22 
   2.4e-22 
   6.9e-22 

QFRC_PASSIVE
   8.1e-19 
  -1.8e-18 
  -7.7e-18 
   3.5e-18 
   6e-19   
   5.7e-19 
   1.1e-15 
  -2.8e-16 
  -2.8e-16 
   6.4e-15 
  -2.8e-16 
  -2.8e-16 
  -6.1e-16 

EFC_VEL
  -2.2e-15 
  -5.1e-16 
  -1.3e-15 
  -1.4e-15 
   4.2e-14 
   4.4e-14 
   4.3e-14 
   4.4e-14 

EFC_AREF
   1.1     
   1.1     
   1.1     
   1.1     
   0.91    
   0.91    
   0.91    
   0.91    

SUBTREE_LINVEL
   0         0         0       
   0         0         0       
   0         0         0       
   0         0         0       
   0         0         0       
   0         0         0       
   0         0         0       
   0         0         0       
   0         0         0       

SUBTREE_ANGMOM
   0         0         0       
   0         0         0       
   0         0         0       
   0         0         0       
   0         0         0       
   0         0         0       
   0         0         0       
   0         0         0       
   0         0         0       

ACTUATOR_FORCE
   0.47    
   0.46    
   0       
   0       
   0       
   0       
   0       

QFRC_ACTUATOR
   0       
   0       
   0       
   0       
   0       
   0       
   0.47    
   0       
   0       
   0.46    
   0       
   0       
   0       

QFRC_SMOOTH
   8.1e-19 
  -1.8e-18 
  -30      
  -0.074   
   1       
  -0.012   
   0.47    
  -2.8e-16 
  -2.8e-16 
   0.46    
  -2.8e-16 
  -2.8e-16 
  -6.1e-16 

QACC_SMOOTH
  -0.0045  
  -0.00025 
  -10      
   0.005   
  -5.4     
   0.031   
   26      
  -0.031   
  -0.031   
   25      
  -0.031   
  -0.031   
  -0.031   

EFC_B
  -12      
  -12      
  -9.9     
  -13      
  -12      
  -12      
  -9.9     
  -13      

EFC_FORCE
   4.1     
   4.1     
   4.1     
   4.1     
   3.5     
   3.5     
   3.5     
   3.5     

EFC_STATE
  1
  1
  1
  1
  1
  1
  1
  1

QFRC_CONSTRAINT
   1.9e-12 
  -2.9e-12 
   30      
   0.074   
  -1       
   0.012   
  -0.47    
   0       
   0       
  -0.46    
   0       
   0       
   0       

QFRC_INVERSE
   0       
   0       
   0       
   0       
   0       
   0       
   0       
   0       
   0       
   0       
   0       
   0       
   0       

CACC
   0         0         0        -0        -0         9.8     
   1.6e-11  -3.2e-12   1.7e-12   5.9e-13  -9.4e-13   9.8     
   1.6e-11   1.1e-12   1.7e-12   5.7e-13  -9.4e-13   9.8     
   1.6e-11   1.1e-12  -2.1e-13  -5.3e-14  -1e-12     9.8     
   1.6e-11   1.1e-12  -2.1e-13  -5.7e-14  -1e-12     9.8     
   1.6e-11   1.8e-11   1.8e-12   4.4e-13  -9.4e-13   9.8     
   1.6e-11   1.8e-11  -1.7e-13   1.1e-12  -1e-12     9.8     
   1.6e-11   1.8e-11  -1.7e-13   1e-12    -1e-12     9.8     
   1.6e-11  -3.2e-12  -1.7e-12   5.8e-13   6.4e-13   9.8     

CFRC_INT
   1.3e-15   1.7e-16   4.7e-16  -1.2e-15   1.5e-16   1.8e-15 
   1.3e-15   1.7e-16   4.7e-16  -1.2e-15   1.5e-16   1.8e-15 
  -2.9       0.15      7.3e-14  -1.3e-13   7.4e-13  -10      
   0.48      0.043     2.6e-15  -4.7e-15  -4.8e-14   1.5     
   0.48      0.042     4.5e-15   1.3e-14  -3.1e-13   1.5     
   2.9       0.2      -3.2e-13  -1e-12     8.1e-13  -8.2     
  -0.47      0.048     1.3e-14   3.6e-14  -4.4e-14   1.5     
  -0.46      0.044     1.1e-13   3.2e-13  -3.1e-13   1.5     
   0.00076  -0.93     -5.2e-15   1.2e-13   7.1e-15   2       

CFRC_EXT
   0         0         0         0         0         0       
   0         0         0         0         0         0       
   4.8       0.018    -4.1e-14   1.5e-13  -1.4e-12   16      
   0         0         0         0         0         0       
   0         0         0         0         0         0       
  -4.8      -0.018     5.8e-13   1.7e-12  -1.5e-12   14      
   0         0         0         0         0         0       
   0         0         0         0         0         0       
   0         0         0         0         0         0       

